1333750
18125
11000
21375
16834
2167
11041
11584
37750
16375
15959
14042
11250
13917
25708
12000
11209
16666
8791
14875
2459
17292
13125
14167
13541
15291
14334
16667
12625
15833
14416
18875
14250
14917
15917
9625
14667
13542
14667
13708
9875
12917
2208
12042
124916
9500
111834
15417
9167
7667
197333
10792
10500
1875
10709
9750
15959
8500
5291
13666
10000
9375
9167
14042
8792
10583
9917
7250
11291
13791
13334
13791
10708
11291
8125
7625
9000
8708
7625
9459
10833
8792
14958
14208
12292
10208
11875
11959
10125
11125
11666
11292
8834
7333
11625
9209
11625
11125
8125
10417
