106375
7583
7417
7875
12292
7708
8958
14875
6042
5750
8208
6458
9084
10083
7500
9583
9000
7459
5708
7125
7375
7875
5708
5958
3417
8625
5791
5875
7417
8375
6750
6041
7334
6916
8334
1166
7125
8125
8000
6541
5000
45458
17875
23375
12917
12708
2333
11625
2375
15375
177500
10334
6834
11541
7750
5709
6416
6292
6875
34375
12958
12750
11500
14167
12917
60334
8125
5167
7167
7792
6084
6458
7792
6958
5375
6083
8083
7542
5250
9666
6125
6417
24500
13625
13000
9208
19208
13750
11917
7208
11708
14250
12167
12209
7875
11125
10917
10208
13417
12625
