142541
8292
6209
11667
9833
2750
7375
9000
13542
7792
8791
9875
6333
7333
10209
9500
6541
8334
6667
6792
4875
9250
8334
8416
6500
4625
5292
98750
10209
136458
39542
158292
10125
6000
32166
5250
8625
7625
7334
8333
10208
5500
1166
8209
7042
4292
5833
3000
6750
5875
7375
7375
3916
6042
3375
6917
5458
5875
6917
5666
7250
8084
4375
6875
6542
6041
5000
6209
6083
6542
6458
1208
6125
7334
7208
6333
7000
7542
6417
7083
6875
4375
5292
7750
7250
4958
11833
7084
4375
6416
7625
5250
5167
4625
3333
6625
3917
5166
1042
6542
