156583
9000
9458
12166
9459
7875
5084
7333
17166
1459
7500
4542
6166
10417
9250
9500
10042
7208
10833
5708
9458
8166
9709
9541
8084
7292
1542
7833
7916
7667
8167
8291
9625
7000
10042
7500
1500
7875
8375
1375
11375
5959
8041
5459
10250
10334
7958
8833
9083
6875
12000
7917
9166
6125
7000
9834
9583
9375
7708
10334
8500
8458
6709
9500
10166
36125
6459
9792
144708
12375
8958
9542
7584
6875
6750
5125
5333
5375
6167
6459
7250
178333
16750
64959
3042
7125
7333
6458
11041
7959
7041
7000
8417
8083
7292
4125
7917
9708
8166
6375
