180209
7916
5500
6250
7375
6709
6083
8000
7208
8041
1292
6375
7416
8667
7708
7250
20208
2750
4917
5708
9875
5417
5708
6792
17791
145625
7291
5250
6625
10000
4250
5667
5083
6125
6959
4958
7375
7458
5625
1167
5708
4959
6291
6000
7000
8000
4959
4708
3750
4625
7542
6459
5792
28625
16333
7792
7583
5208
8541
1167
7042
6250
6791
6125
5750
5583
1334
6250
7417
6125
3833
6750
7792
5708
6167
6041
3875
5458
7167
5250
6291
6750
6709
6041
7875
8167
7792
5416
5334
5916
5084
6500
5958
3750
4292
6708
4625
4042
6084
6625
