92375
8125
6375
1125
8500
8625
5792
7250
4000
5375
5416
8750
7542
7042
5792
8416
5250
5833
5333
4542
7750
6833
7083
5875
5667
5625
5833
4667
5166
6458
6834
6458
6917
6500
6875
5125
6500
7625
6833
6084
6667
7542
4875
8541
5834
4916
5084
6791
4459
7291
6625
7375
7125
6625
3583
7042
6916
8000
7250
6583
5000
7167
6167
5167
7458
6375
5833
6709
1083
5667
6625
1041
4500
6708
5584
5250
6709
6375
8500
4125
9000
4542
6458
4167
6041
7000
6042
7958
5625
7667
1084
6333
5542
7542
7083
6792
1041
5834
3375
5625
